v2.0 raw
20080000
00000000
00000000
00000000
20090003
00000000
00000000
00000000
200a0001
00000000
00000000
00000000
3c010000
00000000
00000000
00000000
3421aaaa
00000000
00000000
00000000
00018020
00000000
00000000
00000000
3c010000
00000000
00000000
00000000
3421f0f0
00000000
00000000
00000000
00018820
00000000
00000000
00000000
11090004
00000000
00000000
00000000
02288825
00000000
00000000
00000000
02089024
00000000
00000000
00000000
010a4020
00000000
00000000
00000000
1000fffb
00000000
00000000
00000000
